round,send_time,recv_time,rtt,status
3,1773967510.3859904,1773967512.3253677,1.9393773078918457,success
4,1773967517.5543368,1773967519.4994128,1.9450759887695312,success
5,1773967524.7967815,1773967526.6736546,1.8768730163574219,success
6,1773967531.8895712,1773967533.8451402,1.9555690288543701,success
7,1773967538.9658353,1773967540.9968002,2.0309648513793945,success
"sender: client109, message: > hello from client109"
8,1773967546.1437607,1773967548.1575587,2.0137979984283447,success
9,1773967553.305368,1773967555.3396664,2.0342984199523926,success
"sender: client109, message: > hello from client109"
10,1773967560.503617,1773967562.531747,2.028130054473877,success
"sender: client109, message: > hello from client109"
11,1773967567.6906452,1773967569.7187157,2.0280704498291016,success
"sender: client109, message: > hello from client109"
12,1773967574.8638983,1773967576.8793948,2.0154964923858643,success
"sender: client109, message: > hello from client109"
13,1773967582.026555,1773967584.0713487,2.0447936058044434,success
"sender: client109, message: > hello from client109"
14,1773967589.208033,1773967591.250145,2.042111873626709,success
"sender: client109, message: > hello from client109"
15,1773967596.3980963,1773967598.4230819,2.0249855518341064,success
"sender: client109, message: > hello from client109"
16,1773967603.6041162,1773967605.627343,2.023226737976074,success
"sender: client109, message: > hello from client109"
17,1773967610.750876,1773967612.7744248,2.0235488414764404,success
"sender: client109, message: > hello from client109"
18,1773967617.9268084,1773967619.9589415,2.032133102416992,success
"sender: client109, message: > hello from client109"
19,1773967625.1318483,1773967627.1401956,2.008347272872925,success
"sender: client109, message: > hello from client109"
20,1773967632.254841,1773967634.327047,2.0722060203552246,success
"sender: client109, message: > hello from client109"
